0 0.550 1789967642.484431095 1789967642.484431095 1789967642.486495735 1789967736.510584601
1 0.950 1789967854.544774084 1789967905.529163695 1789967976.365509207 1789968071.159635783
2 0.550 1789968202.651927992 1789968253.477418593 1789968280.280627795 1789968371.961256002
3 0.950 1789968374.021798967 1789968425.685346567 1789968451.571676848 1789968530.749323882
4 0.550 1789968533.127207149 1789968586.485637010 1789968612.319841221 1789968680.947275983
5 0.950 1789968683.655902816 1789968732.447564555 1789968758.383348364 1789968829.061960067
6 0.550 1789968832.142112106 1789968883.064644031 1789968909.210913275 1789968981.039269624
7 0.950 1789968984.516325070 1789969033.695879706 1789969059.563031299 1789969128.258691622
8 0.550 1789969131.992281999 1789969181.706215572 1789969207.775708279 1789969264.260134561
9 0.950 1789969268.291225947 1789969318.646692167 1789969344.481354877 1789969418.808941006
10 0.550 1789969423.393500976 1789969475.385324192 1789969546.234259293 1789969620.310840093
