1 1789962366.548 1789962369.050 1789962446.390
2 1789962642.094601525 1789962693.918745794 1789962782.562402516
3 1789962902.766399175 1789962953.759239038 1789963036.151307233
4 1789963037.841507076 1789963088.900654236 1789963145.796061659
5 1789963147.724966680 1789963198.882583715 1789963273.746381521
6 1789963276.022533634 1789963326.310940643 1789963362.302757742
7 1789963434.528938924 1789963483.017383147 1789963563.793589155
8 1789963566.701732348 1789963616.691871261 1789963679.567750774
9 1789963682.768834321 1789963733.263882486 1789963802.823935384
10 1789963806.398582291 1789963858.711313226 1789963924.655484061
