1 1.000,0.318,1.240 0.214,0.247,1.240 0.450,-0.402,1.240 -0.336,-0.473,1.240
2 0.857,0.035,1.080 0.286,0.529,1.160 0.307,-0.685,1.080 -0.264,-0.191,1.160
3 0.786,0.388,1.000 0.071,0.176,1.000 0.236,-0.332,1.000 -0.479,-0.544,1.000
4 0.714,0.318,1.240 0.071,0.247,1.160 0.164,-0.402,1.240 -0.479,-0.473,1.160
5 1.000,0.318,1.240 0.214,0.247,1.240 0.450,-0.402,1.240 -0.336,-0.473,1.240
6 0.857,0.035,1.080 0.286,0.529,1.160 0.307,-0.685,1.080 -0.264,-0.191,1.160
7 0.786,0.388,1.000 0.071,0.176,1.000 0.236,-0.332,1.000 -0.479,-0.544,1.000
8 0.714,0.318,1.240 0.071,0.247,1.160 0.164,-0.402,1.240 -0.479,-0.473,1.160
9 1.000,0.318,1.240 0.214,0.247,1.240 0.450,-0.402,1.240 -0.336,-0.473,1.240
10 0.857,0.035,1.080 0.286,0.529,1.160 0.307,-0.685,1.080 -0.264,-0.191,1.160
